1.00388
1.00373
1.00390
1.00395
1.00372
1.00382
1.00392
1.00379
1.00389
1.00362
1.00375
1.00369
1.00373
1.00386
1.00385
1.00393
1.00378
1.00379
1.00389
1.00399
1.00384
1.00385
1.00380
1.00389
1.00380
1.00388
1.00378
1.00386
1.00387
1.00384
1.00380
1.00381
1.00392
1.00399
1.00392
1.00387
1.00391
1.00398
1.00402
1.00404
1.00400
1.00399
1.00402
1.00389
1.00404
1.00396
1.00401
1.00390
1.00402
1.00403
1.00388
1.00401
1.00396
1.00398
1.00408
1.00406
1.00386
1.00397
1.00395
1.00396
1.00379
1.00372
1.00375
1.00385
1.00378
1.00382
1.00387
1.00369
1.00368
1.00380
1.00378
1.00374
1.00367
1.00369
1.00364
1.00384
1.00367
1.00366
1.00377
1.00360
1.00383
1.00380
1.00377
1.00384
1.00379
1.00386
1.00369
1.00372
1.00376
1.00381
1.00379
1.00384
1.00380
1.00386
1.00369
1.00372
1.00381
1.00386
1.00377
1.00395
1.00384
1.00389
1.00370
1.00383
1.00375
1.00380
1.00390
1.00387
1.00399
1.00369
1.00385
1.00391
1.00401
1.00390
1.00383
1.00389
1.00380
1.00387
1.00386
1.00378
1.00392
1.00386
1.00400
1.00380
1.00389
1.00409
1.00398
1.00404
1.00403
1.00399
1.00406
1.00421
1.00424
1.00409
1.00410
1.00392
1.00410
1.00391
1.00409
1.00402
1.00389
1.00402
1.00406
1.00400
1.00392
1.00384
1.00405
1.00398
1.00401
1.00408
1.00404
1.00395
1.00394
1.00406
1.00401
1.00390
1.00385
1.00379
1.00374
1.00391
1.00382
1.00383
1.00392
1.00394
1.00388
1.00395
1.00384
1.00386
1.00396
1.00367
1.00381
1.00385
1.00392
1.00391
1.00388
1.00392
1.00403
1.00404
1.00398
1.00402
1.00397
1.00406
1.00397
1.00391
1.00393
1.00412
1.00410
1.00404
1.00396
1.00402
1.00392
1.00399
1.00397
1.00388
1.00415
1.00418
1.00404
1.00389
1.00390
1.00393