0.219
0.220
0.218
0.222
0.218
0.219
0.222
0.220
0.219
0.220
0.218
0.221
0.220
0.221
0.217
0.221
0.220
0.219
0.220
0.221
0.219
0.220
0.219
0.221
0.222
0.219
0.217
0.220
0.221
0.218
0.219
0.223
0.217
0.221
0.220
0.219
0.220
0.210
0.217
0.222
0.220
0.219
0.221
0.220
0.221
0.219
0.216
0.219
0.220
0.219
0.221
0.218
0.217
0.220
0.218
0.219
0.218
0.216
0.220
0.219
0.218
0.219
0.221
0.217
0.219
0.218
0.217
0.223
0.220
0.215
0.220
0.218
0.221
0.219
0.220
0.218
0.220
0.218
0.221
0.220
0.219
0.229
0.220
0.218
0.220
0.218
0.220
0.219
0.220
0.219
0.220
0.216
0.221
0.220
0.219
0.218
0.220
0.219
0.218
0.220
0.219
0.221
0.216
0.221
0.219
0.221
0.219
0.221
0.218
0.220
0.221
0.219
0.221
0.217
0.220
0.219
0.216
0.220
0.217
0.221
0.220
0.222
0.218
0.221
0.220
0.219
0.221
0.218
0.219
0.218
0.220
0.218
0.220
0.218
0.217
0.219
0.220
0.219
0.218
0.219
0.218
0.219
0.221
0.220
0.219
0.217
0.221
0.222
0.218
0.217
0.219
0.220
0.221
0.219
0.220
0.221
0.219
0.220
0.221
0.217
0.220
0.218
0.221
0.224
0.219
0.218
0.219
0.221
0.219
0.220
0.221
0.220
0.219
0.218
0.221
0.220
0.219
0.220
0.222
0.220
0.221
0.220
0.222
0.219
0.223
0.218
0.220
0.229
0.225
0.222
0.221
0.223
0.220
0.221
0.220
0.223
0.221
0.220
0.222
0.220
0.218