5.035
5.037
5.035
5.037
5.035
5.033
5.036
5.033
5.034
5.036
5.035
5.037
5.036
5.038
5.032
5.033
5.036
5.037
5.032
5.038
5.035
5.038
5.036
5.037
5.033
5.034
5.036
5.035
5.037
5.033
5.034
5.034
5.035
5.032
5.035
5.032
5.033
5.031
5.036
5.037
5.038
5.034
5.032
5.035
5.034
5.035
5.037
5.038
5.033
5.036
5.037
5.035
5.036
5.035
5.036
5.034
5.038
5.035
5.037
5.036
5.039
5.035
5.034
5.035
5.032
5.035
5.037
5.035
5.034
5.035
5.037
5.034
5.035
5.033
5.036
5.037
5.038
5.034
5.036
5.032
5.036
5.035
5.033
5.036
5.034
5.030
5.034
5.029
5.030
5.033
5.038
5.036
5.034
5.035
5.034
5.031
5.033
5.032
5.034
5.035
5.031
5.034
5.032
5.035
5.036
5.031
5.036
5.035
5.034
5.032
5.031
5.034
5.031
5.035
5.034
5.032
5.035
5.032
5.034
5.029
5.032
5.036
5.034
5.035
5.033
5.036
5.035
5.036
5.034
5.035
5.037
5.033
5.034
5.033
5.035
5.033
5.032
5.034
5.032
5.034
5.031
5.033
5.031
5.033
5.036
5.031
5.032
5.033
5.038
5.030
5.031
5.032
5.033
5.032
5.031
5.032
5.031
5.034
5.034
5.031
5.032
5.031
5.033
5.031
5.030
5.028
5.032
5.029
5.030
5.032
5.035
5.033
5.034
5.031
5.032
5.028
5.033
5.031
5.035
5.036
5.034
5.032
5.034
5.031
5.032
5.030
5.029
5.034
5.031
5.033
5.034
5.033
5.036
5.038
5.034
5.033
5.032
5.034
5.033
5.031