0.011
0.012
0.014
0.013
0.012
0.011
0.009
0.011
0.010
0.012
0.010
0.011
0.009
0.011
0.012
0.013
0.015
0.014
0.015
0.012
0.011
0.010
0.008
0.011
0.010
0.011
0.013
0.012
0.013
0.018
0.013
0.009
0.011
0.010
0.013
0.011
0.012
0.009
0.014
0.013
0.019
0.014
0.012
0.013
0.008
0.009
0.010
0.011
0.010
0.011
0.010
0.011
0.012
0.013
0.011
0.016
0.015
0.009
0.012
0.009
0.010
0.014
0.018
0.012
0.011
0.010
0.011
0.013
0.012
0.011
0.012
0.011
0.013
0.010
0.012
0.011
0.012
0.008
0.010
0.009
0.012
0.011
0.012
0.014
0.019
0.013
0.012
0.010
0.011
0.008
0.009
0.010
0.011
0.015
0.011
0.012
0.018
0.014
0.013
0.011
0.007
0.011
0.010
0.012
0.011
0.014
0.008
0.011
0.008
0.013
0.011
0.013
0.010
0.015
0.011
0.012
0.009
0.010
0.011
0.012
0.011
0.012
0.011
0.015
0.012
0.011
0.014
0.012
0.011
0.009
0.012
0.007
0.009
0.008
0.013
0.011
0.009
0.015
0.012
0.010
0.012
0.011
0.014
0.011
0.012
0.013
0.011
0.013
0.010
0.012
0.011
0.010
0.012
0.013
0.009
0.011
0.013
0.011
0.013
0.010
0.012
0.010
0.011
0.010
0.009
0.012
0.011
0.010
0.012
0.010
0.011
0.009
0.010
0.011
0.010
0.009
0.010
0.013
0.012
0.011
0.014
0.011
0.009
0.011
0.012
0.011
0.012
0.011
0.012
0.011
0.010
0.009
0.009
0.010
0.011
0.013
0.012
0.011