0.10223 
0.10220
0.10223
0.10222
0.10223
0.10226
0.10219
0.10218
0.10216
0.10223
0.10224
0.10217
0.10220
0.10222
0.10223
0.10220
0.10216
0.10219
0.10222
0.10221
0.10223
0.10219
0.10217
0.10221
0.10222
0.10221
0.10216
0.10221
0.10222
0.10218
0.10219
0.10215
0.10218
0.10220
0.10221
0.10219
0.10217
0.10219
0.10222
0.10222
0.10215
0.10220
0.10218
0.10220
0.10217
0.10219
0.10220
0.10218
0.10219
0.10222
0.10217
0.10214
0.10213
0.10222
0.10227
0.10221
0.10220
0.10224
0.10221
0.10218
0.10216
0.10221
0.10216
0.10220
0.10221
0.10220
0.10224
0.10222
0.10226
0.10224
0.10226
0.10223
0.10225
0.10222
0.10226
0.10225
0.10222
0.10224
0.10223
0.10222
0.10226
0.10223
0.10222
0.10220
0.10221
0.10222
0.10220
0.10219
0.10223
0.10224
0.10223
0.10221
0.10220
0.10221
0.10218
0.10220
0.10218
0.10217
0.10219
0.10218
0.10216
0.10218
0.10221
0.10220
0.10217
0.10216
0.10217
0.10220
0.10221
0.10214
0.10221
0.10219
0.10217
0.10219
0.10217
0.10216
0.10220
0.10217
0.10221
0.10224
0.10222
0.10218
0.10220
0.10219
0.10214
0.10213
0.10220
0.10217
0.10218
0.10212
0.10214
0.10215
0.10221
0.10217
0.10215
0.10218
0.10212
0.10213
0.10218
0.10216
0.10218
0.10215
0.10218
0.10214
0.10217
0.10213
0.10217
0.10223
0.10222
0.10219
0.10214
0.10218
0.10216
0.10217
0.10220
0.10221
0.10224
0.10223
0.10221
0.10227
0.10229
0.10222
0.10220
0.10224
0.10216
0.10219
0.10226
0.10225
0.10224
0.10223
0.10222
0.10225
0.10224
0.10223
0.10222
0.10225
0.10218
0.10222
0.10221
0.10223
0.10221
0.10224
0.10222
0.10215
0.10218
0.10221
0.10218
0.10225
0.10221
0.10225
0.10227
0.10223
0.10221
0.10226
0.10223
0.10222
0.10223
0.10222
0.10217
0.10216



