0.017
0.018
0.020
0.017
0.020
0.019
0.017
0.019
0.017
0.016
0.019
0.017
0.018
0.019
0.018
0.016
0.017
0.018
0.017
0.016
0.018
0.016
0.019
0.016
0.019
0.018
0.019
0.018
0.017
0.016
0.018
0.019
0.017
0.018
0.016
0.018
0.017
0.018
0.017
0.019
0.017
0.018
0.019
0.016
0.017
0.018
0.019
0.018
0.017
0.018
0.016
0.018
0.015
0.017
0.016
0.019
0.015
0.017
0.018
0.017
0.020
0.018
0.016
0.019
0.018
0.017
0.018
0.019
0.018
0.018
0.020
0.018
0.017
0.018
0.017
0.013
0.017
0.015
0.018
0.016
0.018
0.017
0.018
0.017
0.018
0.017
0.019
0.016
0.017
0.016
0.020
0.018
0.017
0.018
0.016
0.019
0.017
0.016
0.019
0.015
0.019
0.017
0.018
0.019
0.013
0.017
0.016
0.017
0.019
0.017
0.018
0.019
0.016
0.020
0.017
0.017
0.018
0.017
0.019
0.016
0.018
0.017
0.018
0.017
0.016
0.019
0.018
0.018
0.017
0.019
0.017
0.016
0.019
0.016
0.018
0.017
0.018
0.019
0.018
0.017
0.018
0.019
0.017
0.016
0.018
0.019
0.018
0.015
0.018
0.020
0.017
0.019
0.017
0.020
0.018
0.016
0.019
0.018
0.019
0.018
0.016
0.017
0.018
0.015
0.018
0.016
0.020
0.018
0.019
0.018
0.017
0.018
0.017
0.019
0.017
0.019
0.018
0.019
0.018
0.018
0.017
0.018
0.017
0.018
0.015
0.016
0.019
0.017
0.019
0.018
0.017
0.016
0.018
0.014
0.015
0.018
0.015
0.016
0.017
0.020
0.016
0.017
0.018
0.019
0.017
0.021
0.020
0.021